000001 0
000002 0
000003 0
000004 0
000005 0
000006 0
000007 0
000008 0
000009 0
000010 0
000011 0
000012 0
000013 0
000014 0
000015 0
000016 0
000017 0
000018 0
000019 0
000020 0
000021 0
000022 0
000023 0
000024 0
000025 0
000026 0
000027 0
000028 0
000029 0
000030 0
000031 0
000032 0
000033 0
000034 0
000035 0
000036 0
000037 0
000038 0
000039 0
000040 0
000041 0
000042 0
000043 0
000044 0
000045 0
000090 1
000091 1
000092 1
000093 1
000094 1
000095 1
000096 1
000097 1
000098 1
000099 1
000100 1
000101 1
000102 1
000103 1
000104 1
000105 1
000106 1
000107 1
000108 1
000109 1
000110 1
000111 1
000112 1
000113 1
000114 1
000115 1
000116 1
000117 1
000118 1
000119 1
000120 1
000121 1
000154 2
000155 2
000156 2
000157 2
000158 2
000159 2
000160 2
000161 2
000162 2
000163 2
000164 2
000165 2
000166 2
000167 2
000168 2
000169 2
000170 2
000171 2
000172 2
000173 2
000174 2
000175 2
000176 2
000177 2
000178 2
000179 2
000180 2
000181 2
000182 2
000183 2
000184 2
000185 2
000186 2
000187 2
000188 2
000189 2
000190 2
000191 2
000192 2
000193 2
000194 2
000195 2
000196 2
000240 3
000241 3
000242 3
000243 3
000244 3
000245 3
000246 3
000247 3
000248 3
000249 3
000250 3
000251 3
000252 3
000253 3
000254 3
000255 3
000256 3
000257 3
000258 3
000259 3
000260 3
000261 3
000262 3
000263 3
000264 3
000265 3
000266 3
000267 3
000268 3
000269 3
000270 3
000271 3
000272 3
000273 3
000274 3
000275 3
000276 3
000277 3
000278 3
000279 3
000280 3
000281 3
000324 4
000325 4
000326 4
000327 4
000328 4
000329 4
000330 4
000331 4
000332 4
000333 4
000334 4
000335 4
000336 4
000337 4
000338 4
000339 4
000340 4
000341 4
000342 4
000343 4
000344 4
000345 4
000346 4
000347 4
000348 4
000349 4
000350 4
000351 4
000352 4
000353 4
000354 4
000355 4
000356 4
000357 4
000358 4
000359 4
000360 4
000361 4
000362 4
000363 4
000364 4
000405 5
000406 5
000407 5
000408 5
000409 5
000410 5
000411 5
000412 5
000413 5
000414 5
000415 5
000416 5
000417 5
000418 5
000419 5
000420 5
000421 5
000422 5
000423 5
000424 5
000425 5
000426 5
000427 5
000428 5
000429 5
000430 5
000431 5
000432 5
000433 5
000434 5
000435 5
000436 5
000437 5
000438 5
000439 5
000440 5
000441 5
000442 5
000443 5
000444 5
000445 5
000446 5
000447 5
000448 5
000449 5
000494 6
000495 6
000496 6
000497 6
000498 6
000499 6
000500 6
000501 6
000502 6
000503 6
000504 6
000505 6
000506 6
000507 6
000508 6
000509 6
000510 6
000511 6
000512 6
000513 6
000514 6
000515 6
000516 6
000517 6
000518 6
000519 6
000520 6
000521 6
000522 6
000523 6
000524 6
000525 6
000526 6
000527 6
000528 6
000529 6
000530 6
000531 6
000532 6
000572 7
000573 7
000574 7
000575 7
000576 7
000577 7
000578 7
000579 7
000580 7
000581 7
000582 7
000583 7
000584 7
000585 7
000586 7
000587 7
000588 7
000589 7
000590 7
000591 7
000592 7
000593 7
000594 7
000595 7
000596 7
000597 7
000598 7
000599 7
000600 7
000601 7
000602 7
000603 7
000604 7
000605 7
000606 7
000607 7
000608 7
000609 7
000610 7
000611 7
000612 7
000613 7
000614 7
000615 7
000616 7
000662 8
000663 8
000664 8
000665 8
000666 8
000667 8
000668 8
000669 8
000670 8
000671 8
000672 8
000673 8
000674 8
000675 8
000676 8
000677 8
000678 8
000679 8
000680 8
000681 8
000682 8
000683 8
000684 8
000685 8
000686 8
000687 8
000688 8
000689 8
000690 8
000691 8
000692 8
000693 8
000694 8
000695 8
000696 8
000697 8
000698 8
000699 8
000700 8
000701 8
000702 8
000744 9
000745 9
000746 9
000747 9
000748 9
000749 9
000750 9
000751 9
000752 9
000753 9
000754 9
000755 9
000756 9
000757 9
000758 9
000759 9
000760 9
000761 9
000762 9
000763 9
000764 9
000765 9
000766 9
000767 9
000768 9
000769 9
000770 9
000771 9
000772 9
000773 9
000774 9
000775 9
000776 9
000810 10
000811 10
000812 10
000813 10
000814 10
000815 10
000816 10
000817 10
000818 10
000819 10
000820 10
000821 10
000822 10
000823 10
000824 10
000825 10
000826 10
000827 10
000828 10
000829 10
000830 10
000831 10
000832 10
000833 10
000834 10
000835 10
000836 10
000837 10
000838 10
000839 10
000840 10
000841 10
000842 10
000843 10
000844 10
000845 10
000846 10
000847 10
000886 11
000887 11
000888 11
000889 11
000890 11
000891 11
000892 11
000893 11
000894 11
000895 11
000896 11
000897 11
000898 11
000899 11
000900 11
000901 11
000902 11
000903 11
000904 11
000905 11
000906 11
000907 11
000908 11
000909 11
000910 11
000911 11
000912 11
000913 11
000914 11
000915 11
000916 11
000917 11
000918 11
000919 11
000920 11
000921 11
000922 11
000959 12
000960 12
000961 12
000962 12
000963 12
000964 12
000965 12
000966 12
000967 12
000968 12
000969 12
000970 12
000971 12
000972 12
000973 12
000974 12
000975 12
000976 12
000977 12
000978 12
000979 12
000980 12
000981 12
000982 12
000983 12
000984 12
000985 12
000986 12
000987 12
000988 12
000989 12
000990 12
000991 12
000992 12
000993 12
000994 12
000995 12
000996 12
000997 12
000998 12
000999 12
001041 13
001042 13
001043 13
001044 13
001045 13
001046 13
001047 13
001048 13
001049 13
001050 13
001051 13
001052 13
001053 13
001054 13
001055 13
001056 13
001057 13
001058 13
001059 13
001060 13
001061 13
001062 13
001063 13
001064 13
001065 13
001066 13
001067 13
001068 13
001069 13
001070 13
001071 13
001072 13
001073 13
001074 13
001075 13
001076 13
001077 13
001078 13
001079 13
001080 13
001081 13
001082 13
001083 13
001126 14
001127 14
001128 14
001129 14
001130 14
001131 14
001132 14
001133 14
001134 14
001135 14
001136 14
001137 14
001138 14
001139 14
001140 14
001141 14
001142 14
001143 14
001144 14
001145 14
001146 14
001147 14
001148 14
001149 14
001150 14
001151 14
001152 14
001153 14
001154 14
001155 14
001156 14
001157 14
001158 14
001159 14
001160 14
001161 14
001162 14
001163 14
001164 14
001165 14
001166 14
001167 14
001168 14
001212 15
001213 15
001214 15
001215 15
001216 15
001217 15
001218 15
001219 15
001220 15
001221 15
001222 15
001223 15
001224 15
001225 15
001226 15
001227 15
001228 15
001229 15
001230 15
001231 15
001232 15
001233 15
001234 15
001235 15
001236 15
001237 15
001238 15
001239 15
001240 15
001241 15
001242 15
001243 15
001244 15
001245 15
001246 15
001247 15
001248 15
001249 15
001250 15
001251 15
001252 15
001253 15
001254 15
001255 15
001299 16
001300 16
001301 16
001302 16
001303 16
001304 16
001305 16
001306 16
001307 16
001308 16
001309 16
001310 16
001311 16
001312 16
001313 16
001314 16
001315 16
001316 16
001317 16
001318 16
001319 16
001320 16
001321 16
001322 16
001323 16
001324 16
001325 16
001326 16
001327 16
001328 16
001329 16
001330 16
001331 16
001332 16
001333 16
001334 16
001335 16
001336 16
001337 16
001338 16
001339 16
001380 17
001381 17
001382 17
001383 17
001384 17
001385 17
001386 17
001387 17
001388 17
001389 17
001390 17
001391 17
001392 17
001393 17
001394 17
001395 17
001396 17
001397 17
001398 17
001399 17
001400 17
001401 17
001402 17
001403 17
001404 17
001405 17
001406 17
001407 17
001408 17
001409 17
001410 17
001411 17
001412 17
001413 17
001414 17
001415 17
001416 17
001417 17
001418 17
001419 17
001420 17
001421 17
001422 17
001465 18
001466 18
001467 18
001468 18
001469 18
001470 18
001471 18
001472 18
001473 18
001474 18
001475 18
001476 18
001477 18
001478 18
001479 18
001480 18
001481 18
001482 18
001483 18
001484 18
001485 18
001486 18
001487 18
001488 18
001489 18
001490 18
001491 18
001492 18
001493 18
001494 18
001495 18
001496 18
001497 18
001498 18
001499 18
001500 18
001501 18
001502 18
001503 18
001504 18
001505 18
001546 19
001547 19
001548 19
001549 19
001550 19
001551 19
001552 19
001553 19
001554 19
001555 19
001556 19
001557 19
001558 19
001559 19
001560 19
001561 19
001562 19
001563 19
001564 19
001565 19
001566 19
001567 19
001568 19
001569 19
001570 19
001571 19
001572 19
001573 19
001574 19
001575 19
001576 19
001577 19
001578 19
001579 19
001580 19
001581 19
001582 19
001583 19
001584 19
001585 19
001586 19
001587 19
001588 19
001589 19
001590 19
001591 19
001638 20
001639 20
001640 20
001641 20
001642 20
001643 20
001644 20
001645 20
001646 20
001647 20
001648 20
001649 20
001650 20
001651 20
001652 20
001653 20
001654 20
001655 20
001656 20
001657 20
001658 20
001659 20
001660 20
001661 20
001662 20
001663 20
001664 20
001665 20
001666 20
001667 20
001668 20
001669 20
001670 20
001671 20
001672 20
001673 20
001674 20
001675 20
001676 20
001677 20
001678 20
001679 20
001722 21
001723 21
001724 21
001725 21
001726 21
001727 21
001728 21
001729 21
001730 21
001731 21
001732 21
001733 21
001734 21
001735 21
001736 21
001737 21
001738 21
001739 21
001740 21
001741 21
001742 21
001743 21
001744 21
001745 21
001746 21
001747 21
001748 21
001749 21
001750 21
001751 21
001752 21
001753 21
001754 21
001755 21
001756 21
001757 21
001758 21
001759 21
001760 21
001761 21
001762 21
001763 21
001764 21
001807 22
001808 22
001809 22
001810 22
001811 22
001812 22
001813 22
001814 22
001815 22
001816 22
001817 22
001818 22
001819 22
001820 22
001821 22
001822 22
001823 22
001824 22
001825 22
001826 22
001827 22
001828 22
001829 22
001830 22
001831 22
001832 22
001833 22
001834 22
001835 22
001836 22
001837 22
001838 22
001839 22
001840 22
001841 22
001842 22
001843 22
001844 22
001845 22
001846 22
001886 23
001887 23
001888 23
001889 23
001890 23
001891 23
001892 23
001893 23
001894 23
001895 23
001896 23
001897 23
001898 23
001899 23
001900 23
001901 23
001902 23
001903 23
001904 23
001905 23
001906 23
001907 23
001908 23
001909 23
001910 23
001911 23
001912 23
001913 23
001914 23
001915 23
001916 23
001917 23
001918 23
001919 23
001920 23
001921 23
001922 23
001923 23
001924 23
001925 23
001926 23
001927 23
001928 23
001929 23
001930 23
001976 24
001977 24
001978 24
001979 24
001980 24
001981 24
001982 24
001983 24
001984 24
001985 24
001986 24
001987 24
001988 24
001989 24
001990 24
001991 24
001992 24
001993 24
001994 24
001995 24
001996 24
001997 24
001998 24
001999 24
002000 24
002001 24
002002 24
002003 24
002004 24
002005 24
002006 24
002007 24
002008 24
002009 24
002010 24
002011 24
002012 24
002013 24
002014 24
002015 24
002055 25
002056 25
002057 25
002058 25
002059 25
002060 25
002061 25
002062 25
002063 25
002064 25
002065 25
002066 25
002067 25
002068 25
002069 25
002070 25
002071 25
002072 25
002073 25
002074 25
002075 25
002076 25
002077 25
002078 25
002079 25
002080 25
002081 25
002082 25
002083 25
002084 25
002085 25
002086 25
002087 25
002088 25
002123 26
002124 26
002125 26
002126 26
002127 26
002128 26
002129 26
002130 26
002131 26
002132 26
002133 26
002134 26
002135 26
002136 26
002137 26
002138 26
002139 26
002140 26
002141 26
002142 26
002143 26
002144 26
002145 26
002146 26
002147 26
002148 26
002149 26
002150 26
002151 26
002152 26
002153 26
002154 26
002155 26
002156 26
002157 26
002158 26
002194 27
002195 27
002196 27
002197 27
002198 27
002199 27
002200 27
002201 27
002202 27
002203 27
002204 27
002205 27
002206 27
002207 27
002208 27
002209 27
002210 27
002211 27
002212 27
002213 27
002214 27
002215 27
002216 27
002217 27
002218 27
002219 27
002220 27
002221 27
002222 27
002223 27
002224 27
002225 27
002226 27
002227 27
002228 27
002229 27
002230 27
002231 27
002232 27
002233 27
002234 27
002276 28
002277 28
002278 28
002279 28
002280 28
002281 28
002282 28
002283 28
002284 28
002285 28
002286 28
002287 28
002288 28
002289 28
002290 28
002291 28
002292 28
002293 28
002294 28
002295 28
002296 28
002297 28
002298 28
002299 28
002300 28
002301 28
002302 28
002303 28
002304 28
002305 28
002306 28
002307 28
002308 28
002309 28
002310 28
002311 28
002312 28
002313 28
002314 28
002315 28
002316 28
002317 28
002318 28
002361 29
002362 29
002363 29
002364 29
002365 29
002366 29
002367 29
002368 29
002369 29
002370 29
002371 29
002372 29
002373 29
002374 29
002375 29
002376 29
002377 29
002378 29
002379 29
002380 29
002381 29
002382 29
002383 29
002384 29
002385 29
002386 29
002387 29
002388 29
002389 29
002390 29
002391 29
002392 29
002393 29
002394 29
002395 29
002396 29
002397 29
002398 29
002399 29
002400 29
002401 29
002402 29
002444 30
002445 30
002446 30
002447 30
002448 30
002449 30
002450 30
002451 30
002452 30
002453 30
002454 30
002455 30
002456 30
002457 30
002458 30
002459 30
002460 30
002461 30
002462 30
002463 30
002464 30
002465 30
002466 30
002467 30
002468 30
002469 30
002470 30
002471 30
002472 30
002473 30
002474 30
002475 30
002476 30
002477 30
002478 30
002479 30
002480 30
002481 30
002482 30
002483 30
002484 30
002485 30
002486 30
002487 30
002532 31
002533 31
002534 31
002535 31
002536 31
002537 31
002538 31
002539 31
002540 31
002541 31
002542 31
002543 31
002544 31
002545 31
002546 31
002547 31
002548 31
002549 31
002550 31
002551 31
002552 31
002553 31
002554 31
002555 31
002556 31
002557 31
002558 31
002559 31
002560 31
002561 31
002562 31
002563 31
002564 31
002565 31
002566 31
002567 31
002568 31
002569 31
002570 31
002571 31
002572 31
002573 31
002615 32
002616 32
002617 32
002618 32
002619 32
002620 32
002621 32
002622 32
002623 32
002624 32
002625 32
002626 32
002627 32
002628 32
002629 32
002630 32
002631 32
002632 32
002633 32
002634 32
002635 32
002636 32
002637 32
002638 32
002639 32
002640 32
002641 32
002642 32
002643 32
002644 32
002645 32
002646 32
002647 32
002648 32
002649 32
002650 32
002651 32
002652 32
002653 32
002654 32
002655 32
002656 32
002699 33
002700 33
002701 33
002702 33
002703 33
002704 33
002705 33
002706 33
002707 33
002708 33
002709 33
002710 33
002711 33
002712 33
002713 33
002714 33
002715 33
002716 33
002717 33
002718 33
002719 33
002720 33
002721 33
002722 33
002723 33
002724 33
002725 33
002726 33
002727 33
002728 33
002729 33
002730 33
002731 33
002732 33
002733 33
002734 33
002735 33
002736 33
002737 33
002738 33
002739 33
002740 33
002741 33
002742 33
002743 33
002788 34
002789 34
002790 34
002791 34
002792 34
002793 34
002794 34
002795 34
002796 34
002797 34
002798 34
002799 34
002800 34
002801 34
002802 34
002803 34
002804 34
002805 34
002806 34
002807 34
002808 34
002809 34
002810 34
002811 34
002812 34
002813 34
002814 34
002815 34
002816 34
002817 34
002818 34
002819 34
002820 34
002821 34
002822 34
002823 34
002824 34
002825 34
002826 34
002827 34
002828 34
002870 35
002871 35
002872 35
002873 35
002874 35
002875 35
002876 35
002877 35
002878 35
002879 35
002880 35
002881 35
002882 35
002883 35
002884 35
002885 35
002886 35
002887 35
002888 35
002889 35
002890 35
002891 35
002892 35
002893 35
002894 35
002895 35
002896 35
002897 35
002898 35
002899 35
002900 35
002901 35
002902 35
002903 35
002904 35
002905 35
002906 35
002907 35
002908 35
002909 35
002910 35
002952 36
002953 36
002954 36
002955 36
002956 36
002957 36
002958 36
002959 36
002960 36
002961 36
002962 36
002963 36
002964 36
002965 36
002966 36
002967 36
002968 36
002969 36
002970 36
002971 36
002972 36
002973 36
002974 36
002975 36
002976 36
002977 36
002978 36
002979 36
002980 36
002981 36
002982 36
002983 36
002984 36
002985 36
002986 36
002987 36
002988 36
002989 36
002990 36
003029 37
003030 37
003031 37
003032 37
003033 37
003034 37
003035 37
003036 37
003037 37
003038 37
003039 37
003040 37
003041 37
003042 37
003043 37
003044 37
003045 37
003046 37
003047 37
003048 37
003049 37
003050 37
003051 37
003052 37
003053 37
003054 37
003055 37
003056 37
003057 37
003058 37
003059 37
003060 37
003061 37
003062 37
003063 37
003064 37
003065 37
003066 37
003067 37
003068 37
003069 37
003110 38
003111 38
003112 38
003113 38
003114 38
003115 38
003116 38
003117 38
003118 38
003119 38
003120 38
003121 38
003122 38
003123 38
003124 38
003125 38
003126 38
003127 38
003128 38
003129 38
003130 38
003131 38
003132 38
003133 38
003134 38
003135 38
003136 38
003137 38
003138 38
003139 38
003140 38
003141 38
003142 38
003143 38
003144 38
003145 38
003146 38
003183 39
003184 39
003185 39
003186 39
003187 39
003188 39
003189 39
003190 39
003191 39
003192 39
003193 39
003194 39
003195 39
003196 39
003197 39
003198 39
003199 39
003200 39
003201 39
003202 39
003203 39
003204 39
003205 39
003206 39
003207 39
003208 39
003209 39
003210 39
003211 39
003212 39
003213 39
003214 39
003215 39
003216 39
003217 39
003218 39
003219 39
003220 39
003221 39
003261 40
003262 40
003263 40
003264 40
003265 40
003266 40
003267 40
003268 40
003269 40
003270 40
003271 40
003272 40
003273 40
003274 40
003275 40
003276 40
003277 40
003278 40
003279 40
003280 40
003281 40
003282 40
003283 40
003284 40
003285 40
003286 40
003287 40
003288 40
003289 40
003290 40
003291 40
003292 40
003293 40
003294 40
003295 40
003296 40
003332 41
003333 41
003334 41
003335 41
003336 41
003337 41
003338 41
003339 41
003340 41
003341 41
003342 41
003343 41
003344 41
003345 41
003346 41
003347 41
003348 41
003349 41
003350 41
003351 41
003352 41
003353 41
003354 41
003355 41
003356 41
003357 41
003358 41
003359 41
003360 41
003361 41
003362 41
003363 41
003364 41
003365 41
003366 41
003401 42
003402 42
003403 42
003404 42
003405 42
003406 42
003407 42
003408 42
003409 42
003410 42
003411 42
003412 42
003413 42
003414 42
003415 42
003416 42
003417 42
003418 42
003419 42
003420 42
003421 42
003422 42
003423 42
003424 42
003425 42
003426 42
003427 42
003428 42
003429 42
003430 42
003431 42
003432 42
003433 42
003434 42
003435 42
003436 42
003437 42
003438 42
003439 42
003440 42
003441 42
003442 42
003443 42
003444 42
003445 42
003446 42
003493 43
003494 43
003495 43
003496 43
003497 43
003498 43
003499 43
003500 43
003501 43
003502 43
003503 43
003504 43
003505 43
003506 43
003507 43
003508 43
003509 43
003510 43
003511 43
003512 43
003513 43
003514 43
003515 43
003516 43
003517 43
003518 43
003519 43
003520 43
003521 43
003522 43
003523 43
003524 43
003525 43
003526 43
003527 43
003528 43
003529 43
003530 43
003531 43
003532 43
003533 43
003534 43
003535 43
003536 43
003537 43
003582 44
003583 44
003584 44
003585 44
003586 44
003587 44
003588 44
003589 44
003590 44
003591 44
003592 44
003593 44
003594 44
003595 44
003596 44
003597 44
003598 44
003599 44
003600 44
003601 44
003602 44
003603 44
003604 44
003605 44
003606 44
003607 44
003608 44
003609 44
003610 44
003611 44
003612 44
003613 44
003614 44
003647 45
003648 45
003649 45
003650 45
003651 45
003652 45
003653 45
003654 45
003655 45
003656 45
003657 45
003658 45
003659 45
003660 45
003661 45
003662 45
003663 45
003664 45
003665 45
003666 45
003667 45
003668 45
003669 45
003670 45
003671 45
003672 45
003673 45
003674 45
003675 45
003676 45
003677 45
003678 45
003679 45
003680 45
003681 45
003682 45
003683 45
003684 45
003685 45
003686 45
003687 45
003688 45
003689 45
003690 45
003734 46
003735 46
003736 46
003737 46
003738 46
003739 46
003740 46
003741 46
003742 46
003743 46
003744 46
003745 46
003746 46
003747 46
003748 46
003749 46
003750 46
003751 46
003752 46
003753 46
003754 46
003755 46
003756 46
003757 46
003758 46
003759 46
003760 46
003761 46
003762 46
003763 46
003764 46
003765 46
003766 46
003767 46
003768 46
003804 47
003805 47
003806 47
003807 47
003808 47
003809 47
003810 47
003811 47
003812 47
003813 47
003814 47
003815 47
003816 47
003817 47
003818 47
003819 47
003820 47
003821 47
003822 47
003823 47
003824 47
003825 47
003826 47
003827 47
003828 47
003829 47
003830 47
003831 47
003832 47
003833 47
003834 47
003835 47
003836 47
003837 47
003838 47
003839 47
003840 47
003841 47
003842 47
003843 47
003844 47
003845 47
003846 47
003889 48
003890 48
003891 48
003892 48
003893 48
003894 48
003895 48
003896 48
003897 48
003898 48
003899 48
003900 48
003901 48
003902 48
003903 48
003904 48
003905 48
003906 48
003907 48
003908 48
003909 48
003910 48
003911 48
003912 48
003913 48
003914 48
003915 48
003916 48
003917 48
003918 48
003919 48
003920 48
003921 48
003922 48
003923 48
003924 48
003925 48
003926 48
003964 49
003965 49
003966 49
003967 49
003968 49
003969 49
003970 49
003971 49
003972 49
003973 49
003974 49
003975 49
003976 49
003977 49
003978 49
003979 49
003980 49
003981 49
003982 49
003983 49
003984 49
003985 49
003986 49
003987 49
003988 49
003989 49
003990 49
003991 49
003992 49
003993 49
003994 49
003995 49
003996 49
003997 49
003998 49
003999 49
004000 49
004001 49
004002 49
004003 49
004004 49
004005 49
004048 50
004049 50
004050 50
004051 50
004052 50
004053 50
004054 50
004055 50
004056 50
004057 50
004058 50
004059 50
004060 50
004061 50
004062 50
004063 50
004064 50
004065 50
004066 50
004067 50
004068 50
004069 50
004070 50
004071 50
004072 50
004073 50
004074 50
004075 50
004076 50
004077 50
004078 50
004079 50
004080 50
004081 50
004082 50
004083 50
004084 50
004085 50
004086 50
004087 50
004088 50
004089 50
004090 50
004134 51
004135 51
004136 51
004137 51
004138 51
004139 51
004140 51
004141 51
004142 51
004143 51
004144 51
004145 51
004146 51
004147 51
004148 51
004149 51
004150 51
004151 51
004152 51
004153 51
004154 51
004155 51
004156 51
004157 51
004158 51
004159 51
004160 51
004161 51
004162 51
004163 51
004164 51
004165 51
004166 51
004167 51
004168 51
004169 51
004170 51
004171 51
004172 51
004173 51
004174 51
004216 52
004217 52
004218 52
004219 52
004220 52
004221 52
004222 52
004223 52
004224 52
004225 52
004226 52
004227 52
004228 52
004229 52
004230 52
004231 52
004232 52
004233 52
004234 52
004235 52
004236 52
004237 52
004238 52
004239 52
004240 52
004241 52
004242 52
004243 52
004244 52
004245 52
004246 52
004247 52
004248 52
004249 52
004250 52
004251 52
004252 52
004253 52
004254 52
004255 52
004256 52
004257 52
004258 52
004259 52
004260 52
004305 53
004306 53
004307 53
004308 53
004309 53
004310 53
004311 53
004312 53
004313 53
004314 53
004315 53
004316 53
004317 53
004318 53
004319 53
004320 53
004321 53
004322 53
004323 53
004324 53
004325 53
004326 53
004327 53
004328 53
004329 53
004330 53
004331 53
004332 53
004333 53
004334 53
004335 53
004336 53
004337 53
004338 53
004339 53
004340 53
004341 53
004342 53
004343 53
004344 53
004385 54
004386 54
004387 54
004388 54
004389 54
004390 54
004391 54
004392 54
004393 54
004394 54
004395 54
004396 54
004397 54
004398 54
004399 54
004400 54
004401 54
004402 54
004403 54
004404 54
004405 54
004406 54
004407 54
004408 54
004409 54
004410 54
004411 54
004412 54
004413 54
004414 54
004415 54
004416 54
004417 54
004418 54
004419 54
004420 54
004421 54
004422 54
004423 54
004424 54
004464 55
004465 55
004466 55
004467 55
004468 55
004469 55
004470 55
004471 55
004472 55
004473 55
004474 55
004475 55
004476 55
004477 55
004478 55
004479 55
004480 55
004481 55
004482 55
004483 55
004484 55
004485 55
004486 55
004487 55
004488 55
004489 55
004490 55
004491 55
004492 55
004493 55
004494 55
004495 55
004496 55
004497 55
004498 55
004499 55
004500 55
004501 55
004502 55
004503 55
004504 55
004505 55
004506 55
004507 55
004508 55
004509 55
004510 55
004557 56
004558 56
004559 56
004560 56
004561 56
004562 56
004563 56
004564 56
004565 56
004566 56
004567 56
004568 56
004569 56
004570 56
004571 56
004572 56
004573 56
004574 56
004575 56
004576 56
004577 56
004578 56
004579 56
004580 56
004581 56
004582 56
004583 56
004584 56
004585 56
004586 56
004587 56
004588 56
004589 56
004590 56
004591 56
004592 56
004593 56
004594 56
004632 57
004633 57
004634 57
004635 57
004636 57
004637 57
004638 57
004639 57
004640 57
004641 57
004642 57
004643 57
004644 57
004645 57
004646 57
004647 57
004648 57
004649 57
004650 57
004651 57
004652 57
004653 57
004654 57
004655 57
004656 57
004657 57
004658 57
004659 57
004660 57
004661 57
004662 57
004663 57
004664 57
004665 57
004666 57
004667 57
004668 57
004669 57
004670 57
004671 57
004672 57
004673 57
004674 57
004675 57
004720 58
004721 58
004722 58
004723 58
004724 58
004725 58
004726 58
004727 58
004728 58
004729 58
004730 58
004731 58
004732 58
004733 58
004734 58
004735 58
004736 58
004737 58
004738 58
004739 58
004740 58
004741 58
004742 58
004743 58
004744 58
004745 58
004746 58
004747 58
004748 58
004749 58
004750 58
004751 58
004752 58
004753 58
004754 58
004755 58
004756 58
004757 58
004758 58
004759 58
004760 58
004761 58
004762 58
004763 58
004764 58
004809 59
004810 59
004811 59
004812 59
004813 59
004814 59
004815 59
004816 59
004817 59
004818 59
004819 59
004820 59
004821 59
004822 59
004823 59
004824 59
004825 59
004826 59
004827 59
004828 59
004829 59
004830 59
004831 59
004832 59
004833 59
004834 59
004835 59
004836 59
004837 59
004838 59
004839 59
004840 59
004841 59
004842 59
004843 59
004844 59
004845 59
004882 60
004883 60
004884 60
004885 60
004886 60
004887 60
004888 60
004889 60
004890 60
004891 60
004892 60
004893 60
004894 60
004895 60
004896 60
004897 60
004898 60
004899 60
004900 60
004901 60
004902 60
004903 60
004904 60
004905 60
004906 60
004907 60
004908 60
004909 60
004910 60
004911 60
004912 60
004913 60
004914 60
004915 60
004916 60
004917 60
004918 60
004919 60
004920 60
004921 60
004922 60
004923 60
004924 60
004968 61
004969 61
004970 61
004971 61
004972 61
004973 61
004974 61
004975 61
004976 61
004977 61
004978 61
004979 61
004980 61
004981 61
004982 61
004983 61
004984 61
004985 61
004986 61
004987 61
004988 61
004989 61
004990 61
004991 61
004992 61
004993 61
004994 61
004995 61
004996 61
004997 61
004998 61
004999 61
005000 61
005001 61
005002 61
005003 61
005004 61
005042 62
005043 62
005044 62
005045 62
005046 62
005047 62
005048 62
005049 62
005050 62
005051 62
005052 62
005053 62
005054 62
005055 62
005056 62
005057 62
005058 62
005059 62
005060 62
005061 62
005062 62
005063 62
005064 62
005065 62
005066 62
005067 62
005068 62
005069 62
005070 62
005071 62
005072 62
005073 62
005074 62
005075 62
005076 62
005077 62
005078 62
005079 62
005080 62
005081 62
005082 62
005083 62
005084 62
005085 62
005130 63
005131 63
005132 63
005133 63
005134 63
005135 63
005136 63
005137 63
005138 63
005139 63
005140 63
005141 63
005142 63
005143 63
005144 63
005145 63
005146 63
005147 63
005148 63
005149 63
005150 63
005151 63
005152 63
005153 63
005154 63
005155 63
005156 63
005157 63
005158 63
005159 63
005189 64
005190 64
005191 64
005192 64
005193 64
005194 64
005195 64
005196 64
005197 64
005198 64
005199 64
005200 64
005201 64
005202 64
005203 64
005204 64
005205 64
005206 64
005207 64
005208 64
005209 64
005210 64
005211 64
005212 64
005213 64
005214 64
005215 64
005216 64
005217 64
005218 64
005219 64
005220 64
005221 64
005222 64
005223 64
005224 64
005225 64
005226 64
005227 64
005228 64
005229 64
005230 64
005231 64
005232 64
005233 64
005279 65
005280 65
005281 65
005282 65
005283 65
005284 65
005285 65
005286 65
005287 65
005288 65
005289 65
005290 65
005291 65
005292 65
005293 65
005294 65
005295 65
005296 65
005297 65
005298 65
005299 65
005300 65
005301 65
005302 65
005303 65
005304 65
005305 65
005306 65
005307 65
005308 65
005309 65
005310 65
005311 65
005312 65
005313 65
005314 65
005315 65
005316 65
005317 65
005318 65
005319 65
005320 65
005362 66
005363 66
005364 66
005365 66
005366 66
005367 66
005368 66
005369 66
005370 66
005371 66
005372 66
005373 66
005374 66
005375 66
005376 66
005377 66
005378 66
005379 66
005380 66
005381 66
005382 66
005383 66
005384 66
005385 66
005386 66
005387 66
005388 66
005389 66
005390 66
005391 66
005392 66
005393 66
005394 66
005395 66
005396 66
005397 66
005398 66
005399 66
005400 66
005439 67
005440 67
005441 67
005442 67
005443 67
005444 67
005445 67
005446 67
005447 67
005448 67
005449 67
005450 67
005451 67
005452 67
005453 67
005454 67
005455 67
005456 67
005457 67
005458 67
005459 67
005460 67
005461 67
005462 67
005463 67
005464 67
005465 67
005466 67
005467 67
005468 67
005469 67
005470 67
005471 67
005472 67
005473 67
005474 67
005475 67
005476 67
005477 67
005478 67
005519 68
005520 68
005521 68
005522 68
005523 68
005524 68
005525 68
005526 68
005527 68
005528 68
005529 68
005530 68
005531 68
005532 68
005533 68
005534 68
005535 68
005536 68
005537 68
005538 68
005539 68
005540 68
005541 68
005542 68
005543 68
005544 68
005545 68
005546 68
005547 68
005548 68
005549 68
005550 68
005551 68
005552 68
005553 68
005554 68
005555 68
005556 68
005595 69
005596 69
005597 69
005598 69
005599 69
005600 69
005601 69
005602 69
005603 69
005604 69
005605 69
005606 69
005607 69
005608 69
005609 69
005610 69
005611 69
005612 69
005613 69
005614 69
005615 69
005616 69
005617 69
005618 69
005619 69
005620 69
005621 69
005622 69
005623 69
005624 69
005625 69
005626 69
005627 69
005628 69
005629 69
005630 69
005631 69
005632 69
005633 69
005634 69
005635 69
005636 69
005637 69
005680 70
005681 70
005682 70
005683 70
005684 70
005685 70
005686 70
005687 70
005688 70
005689 70
005690 70
005691 70
005692 70
005693 70
005694 70
005695 70
005696 70
005697 70
005698 70
005699 70
005700 70
005701 70
005702 70
005703 70
005704 70
005705 70
005706 70
005707 70
005708 70
005709 70
005710 70
005711 70
005712 70
005713 70
005714 70
005750 71
005751 71
005752 71
005753 71
005754 71
005755 71
005756 71
005757 71
005758 71
005759 71
005760 71
005761 71
005762 71
005763 71
005764 71
005765 71
005766 71
005767 71
005768 71
005769 71
005770 71
005771 71
005772 71
005773 71
005774 71
005775 71
005776 71
005777 71
005778 71
005779 71
005780 71
005781 71
005782 71
005783 71
005784 71
005785 71
005786 71
005787 71
005788 71
005789 71
005790 71
005791 71
005792 71
005793 71
005794 71
005840 72
005841 72
005842 72
005843 72
005844 72
005845 72
005846 72
005847 72
005848 72
005849 72
005850 72
005851 72
005852 72
005853 72
005854 72
005855 72
005856 72
005857 72
005858 72
005859 72
005860 72
005861 72
005862 72
005863 72
005864 72
005865 72
005866 72
005867 72
005868 72
005869 72
005870 72
005871 72
005872 72
005873 72
005874 72
005875 72
005876 72
005877 72
005878 72
005879 72
005880 72
005881 72
005882 72
005883 72
005884 72
005929 73
005930 73
005931 73
005932 73
005933 73
005934 73
005935 73
005936 73
005937 73
005938 73
005939 73
005940 73
005941 73
005942 73
005943 73
005944 73
005945 73
005946 73
005947 73
005948 73
005949 73
005950 73
005951 73
005952 73
005953 73
005954 73
005955 73
005956 73
005957 73
005958 73
005959 73
005960 73
005961 73
005962 73
005963 73
005964 73
005965 73
005966 73
005967 73
005968 73
005969 73
005970 73
005971 73
005972 73
006016 74
006017 74
006018 74
006019 74
006020 74
006021 74
006022 74
006023 74
006024 74
006025 74
006026 74
006027 74
006028 74
006029 74
006030 74
006031 74
006032 74
006033 74
006034 74
006035 74
006036 74
006037 74
006038 74
006039 74
006040 74
006041 74
006042 74
006043 74
006044 74
006045 74
006046 74
006047 74
006048 74
006049 74
006050 74
006051 74
006052 74
006053 74
006054 74
006055 74
006056 74
006057 74
006058 74
006059 74
006104 75
006105 75
006106 75
006107 75
006108 75
006109 75
006110 75
006111 75
006112 75
006113 75
006114 75
006115 75
006116 75
006117 75
006118 75
006119 75
006120 75
006121 75
006122 75
006123 75
006124 75
006125 75
006126 75
006127 75
006128 75
006129 75
006130 75
006131 75
006132 75
006133 75
006134 75
006135 75
006136 75
006137 75
006138 75
006139 75
006140 75
006141 75
006142 75
006143 75
006144 75
006145 75
006146 75
006147 75
006191 76
006192 76
006193 76
006194 76
006195 76
006196 76
006197 76
006198 76
006199 76
006200 76
006201 76
006202 76
006203 76
006204 76
006205 76
006206 76
006207 76
006208 76
006209 76
006210 76
006211 76
006212 76
006213 76
006214 76
006215 76
006216 76
006217 76
006218 76
006219 76
006220 76
006221 76
006222 76
006223 76
006224 76
006225 76
006226 76
006227 76
006228 76
006229 76
006230 76
006231 76
006272 77
006273 77
006274 77
006275 77
006276 77
006277 77
006278 77
006279 77
006280 77
006281 77
006282 77
006283 77
006284 77
006285 77
006286 77
006287 77
006288 77
006289 77
006290 77
006291 77
006292 77
006293 77
006294 77
006295 77
006296 77
006297 77
006298 77
006299 77
006300 77
006301 77
006302 77
006303 77
006304 77
006305 77
006306 77
006307 77
006308 77
006309 77
006347 78
006348 78
006349 78
006350 78
006351 78
006352 78
006353 78
006354 78
006355 78
006356 78
006357 78
006358 78
006359 78
006360 78
006361 78
006362 78
006363 78
006364 78
006365 78
006366 78
006367 78
006368 78
006369 78
006370 78
006371 78
006372 78
006373 78
006374 78
006375 78
006376 78
006377 78
006378 78
006379 78
006380 78
006381 78
006382 78
006383 78
006384 78
006385 78
006386 78
006387 78
006388 78
006389 78
006390 78
006391 78
006392 78
006393 78
006394 78
006395 78
006444 79
006445 79
006446 79
006447 79
006448 79
006449 79
006450 79
006451 79
006452 79
006453 79
006454 79
006455 79
006456 79
006457 79
006458 79
006459 79
006460 79
006461 79
006462 79
006463 79
006464 79
006465 79
006466 79
006467 79
006468 79
006469 79
006470 79
006471 79
006472 79
006473 79
006474 79
006475 79
006476 79
006477 79
006478 79
006479 79
006480 79
006481 79
006482 79
006483 79
006484 79
006485 79
006486 79
006530 80
006531 80
006532 80
006533 80
006534 80
006535 80
006536 80
006537 80
006538 80
006539 80
006540 80
006541 80
006542 80
006543 80
006544 80
006545 80
006546 80
006547 80
006548 80
006549 80
006550 80
006551 80
006552 80
006553 80
006554 80
006555 80
006556 80
006557 80
006558 80
006559 80
006560 80
006561 80
006562 80
006563 80
006564 80
006565 80
006566 80
006567 80
006568 80
006569 80
006570 80
006571 80
006572 80
006573 80
006574 80
006620 81
006621 81
006622 81
006623 81
006624 81
006625 81
006626 81
006627 81
006628 81
006629 81
006630 81
006631 81
006632 81
006633 81
006634 81
006635 81
006636 81
006637 81
006638 81
006639 81
006640 81
006641 81
006642 81
006643 81
006644 81
006645 81
006646 81
006647 81
006648 81
006649 81
006650 81
006651 81
006652 81
006653 81
006654 81
006655 81
006656 81
006657 81
006658 81
006659 81
006660 81
006661 81
006662 81
006663 81
006664 81
006710 82
006711 82
006712 82
006713 82
006714 82
006715 82
006716 82
006717 82
006718 82
006719 82
006720 82
006721 82
006722 82
006723 82
006724 82
006725 82
006726 82
006727 82
006728 82
006729 82
006730 82
006731 82
006732 82
006733 82
006734 82
006735 82
006736 82
006737 82
006738 82
006739 82
006740 82
006741 82
006742 82
006743 82
006744 82
006745 82
006746 82
006747 82
006748 82
006749 82
006750 82
006791 83
006792 83
006793 83
006794 83
006795 83
006796 83
006797 83
006798 83
006799 83
006800 83
006801 83
006802 83
006803 83
006804 83
006805 83
006806 83
006807 83
006808 83
006809 83
006810 83
006811 83
006812 83
006813 83
006814 83
006815 83
006816 83
006817 83
006818 83
006819 83
006820 83
006821 83
006822 83
006823 83
006824 83
006825 83
006826 83
006827 83
006828 83
006829 83
006830 83
006831 83
006832 83
006875 84
006876 84
006877 84
006878 84
006879 84
006880 84
006881 84
006882 84
006883 84
006884 84
006885 84
006886 84
006887 84
006888 84
006889 84
006890 84
006891 84
006892 84
006893 84
006894 84
006895 84
006896 84
006897 84
006898 84
006899 84
006900 84
006901 84
006902 84
006903 84
006904 84
006905 84
006906 84
006907 84
006908 84
006909 84
006910 84
006911 84
006912 84
006913 84
006914 84
006915 84
006916 84
006917 84
006918 84
006962 85
006963 85
006964 85
006965 85
006966 85
006967 85
006968 85
006969 85
006970 85
006971 85
006972 85
006973 85
006974 85
006975 85
006976 85
006977 85
006978 85
006979 85
006980 85
006981 85
006982 85
006983 85
006984 85
006985 85
006986 85
006987 85
006988 85
006989 85
006990 85
006991 85
006992 85
006993 85
006994 85
006995 85
006996 85
006997 85
006998 85
006999 85
007000 85
007001 85
007002 85
007003 85
007004 85
007047 86
007048 86
007049 86
007050 86
007051 86
007052 86
007053 86
007054 86
007055 86
007056 86
007057 86
007058 86
007059 86
007060 86
007061 86
007062 86
007063 86
007064 86
007065 86
007066 86
007067 86
007068 86
007069 86
007070 86
007071 86
007072 86
007073 86
007074 86
007075 86
007076 86
007077 86
007078 86
007079 86
007080 86
007081 86
007082 86
007083 86
007084 86
007085 86
007086 86
007087 86
007088 86
007089 86
007090 86
007135 87
007136 87
007137 87
007138 87
007139 87
007140 87
007141 87
007142 87
007143 87
007144 87
007145 87
007146 87
007147 87
007148 87
007149 87
007150 87
007151 87
007152 87
007153 87
007154 87
007155 87
007156 87
007157 87
007158 87
007159 87
007160 87
007161 87
007162 87
007163 87
007164 87
007165 87
007166 87
007167 87
007168 87
007169 87
007170 87
007171 87
007172 87
007173 87
007174 87
007214 88
007215 88
007216 88
007217 88
007218 88
007219 88
007220 88
007221 88
007222 88
007223 88
007224 88
007225 88
007226 88
007227 88
007228 88
007229 88
007230 88
007231 88
007232 88
007233 88
007234 88
007235 88
007236 88
007237 88
007238 88
007239 88
007240 88
007241 88
007242 88
007243 88
007244 88
007245 88
007246 88
007247 88
007248 88
007249 88
007250 88
007251 88
007252 88
007253 88
007254 88
007255 88
007256 88
007257 88
007302 89
007303 89
007304 89
007305 89
007306 89
007307 89
007308 89
007309 89
007310 89
007311 89
007312 89
007313 89
007314 89
007315 89
007316 89
007317 89
007318 89
007319 89
007320 89
007321 89
007322 89
007323 89
007324 89
007325 89
007326 89
007327 89
007328 89
007329 89
007330 89
007331 89
007332 89
007333 89
007334 89
007335 89
007336 89
007337 89
007338 89
007339 89
007340 89
007341 89
007342 89
007384 90
007385 90
007386 90
007387 90
007388 90
007389 90
007390 90
007391 90
007392 90
007393 90
007394 90
007395 90
007396 90
007397 90
007398 90
007399 90
007400 90
007401 90
007402 90
007403 90
007404 90
007405 90
007406 90
007407 90
007408 90
007409 90
007410 90
007411 90
007412 90
007413 90
007414 90
007415 90
007416 90
007417 90
007418 90
007419 90
007420 90
007421 90
007422 90
007461 91
007462 91
007463 91
007464 91
007465 91
007466 91
007467 91
007468 91
007469 91
007470 91
007471 91
007472 91
007473 91
007474 91
007475 91
007476 91
007477 91
007478 91
007479 91
007480 91
007481 91
007482 91
007483 91
007484 91
007485 91
007486 91
007487 91
007488 91
007489 91
007490 91
007491 91
007492 91
007493 91
007494 91
007495 91
007496 91
007497 91
007498 91
007499 91
007500 91
007541 92
007542 92
007543 92
007544 92
007545 92
007546 92
007547 92
007548 92
007549 92
007550 92
007551 92
007552 92
007553 92
007554 92
007555 92
007556 92
007557 92
007558 92
007559 92
007560 92
007561 92
007562 92
007563 92
007564 92
007565 92
007566 92
007567 92
007568 92
007569 92
007570 92
007571 92
007572 92
007573 92
007574 92
007575 92
007576 92
007577 92
007578 92
007579 92
007619 93
007620 93
007621 93
007622 93
007623 93
007624 93
007625 93
007626 93
007627 93
007628 93
007629 93
007630 93
007631 93
007632 93
007633 93
007634 93
007635 93
007636 93
007637 93
007638 93
007639 93
007640 93
007641 93
007642 93
007643 93
007644 93
007645 93
007646 93
007647 93
007648 93
007649 93
007650 93
007651 93
007652 93
007653 93
007654 93
007655 93
007656 93
007657 93
007658 93
007659 93
007660 93
007661 93
007662 93
007706 94
007707 94
007708 94
007709 94
007710 94
007711 94
007712 94
007713 94
007714 94
007715 94
007716 94
007717 94
007718 94
007719 94
007720 94
007721 94
007722 94
007723 94
007724 94
007725 94
007726 94
007727 94
007728 94
007729 94
007730 94
007731 94
007732 94
007733 94
007734 94
007735 94
007736 94
007737 94
007738 94
007739 94
007740 94
007741 94
007742 94
007743 94
007744 94
007745 94
007746 94
007747 94
007748 94
007749 94
007750 94
007751 94
007797 95
007798 95
007799 95
007800 95
007801 95
007802 95
007803 95
007804 95
007805 95
007806 95
007807 95
007808 95
007809 95
007810 95
007811 95
007812 95
007813 95
007814 95
007815 95
007816 95
007817 95
007818 95
007819 95
007820 95
007821 95
007822 95
007823 95
007824 95
007825 95
007826 95
007827 95
007828 95
007829 95
007830 95
007831 95
007832 95
007833 95
007834 95
007835 95
007836 95
007837 95
007879 96
007880 96
007881 96
007882 96
007883 96
007884 96
007885 96
007886 96
007887 96
007888 96
007889 96
007890 96
007891 96
007892 96
007893 96
007894 96
007895 96
007896 96
007897 96
007898 96
007899 96
007900 96
007901 96
007902 96
007903 96
007904 96
007905 96
007906 96
007907 96
007908 96
007909 96
007910 96
007911 96
007912 96
007913 96
007914 96
007915 96
007916 96
007917 96
007918 96
007919 96
007920 96
007963 97
007964 97
007965 97
007966 97
007967 97
007968 97
007969 97
007970 97
007971 97
007972 97
007973 97
007974 97
007975 97
007976 97
007977 97
007978 97
007979 97
007980 97
007981 97
007982 97
007983 97
007984 97
007985 97
007986 97
007987 97
007988 97
007989 97
007990 97
007991 97
007992 97
007993 97
007994 97
007995 97
007996 97
007997 97
007998 97
007999 97
008000 97
008001 97
008002 97
008003 97
008004 97
008005 97
008006 97
008007 97
008008 97
008055 98
008056 98
008057 98
008058 98
008059 98
008060 98
008061 98
008062 98
008063 98
008064 98
008065 98
008066 98
008067 98
008068 98
008069 98
008070 98
008071 98
008072 98
008073 98
008074 98
008075 98
008076 98
008077 98
008078 98
008079 98
008080 98
008081 98
008082 98
008110 99
008111 99
008112 99
008113 99
008114 99
008115 99
008116 99
008117 99
008118 99
008119 99
008120 99
008121 99
008122 99
008123 99
008124 99
008125 99
008126 99
008127 99
008128 99
008129 99
008130 99
008131 99
008132 99
008133 99
008134 99
008135 99
008136 99
008137 99
008138 99
008139 99
008140 99
008141 99
008142 99
008143 99
008177 100
008178 100
008179 100
008180 100
008181 100
008182 100
008183 100
008184 100
008185 100
008186 100
008187 100
008188 100
008189 100
008190 100
008191 100
008192 100
008193 100
008194 100
008195 100
008196 100
008197 100
008198 100
008199 100
008200 100
008201 100
008202 100
008203 100
008204 100
008205 100
008206 100
008207 100
008208 100
008209 100
008210 100
008211 100
008212 100
008213 100
008214 100
008215 100
008216 100
008217 100
008218 100
008261 101
008262 101
008263 101
008264 101
008265 101
008266 101
008267 101
008268 101
008269 101
008270 101
008271 101
008272 101
008273 101
008274 101
008275 101
008276 101
008277 101
008278 101
008279 101
008280 101
008281 101
008282 101
008283 101
008284 101
008285 101
008286 101
008287 101
008288 101
008289 101
008290 101
008291 101
008292 101
008293 101
008294 101
008295 101
008296 101
008297 101
008298 101
008299 101
008339 102
008340 102
008341 102
008342 102
008343 102
008344 102
008345 102
008346 102
008347 102
008348 102
008349 102
008350 102
008351 102
008352 102
008353 102
008354 102
008355 102
008356 102
008357 102
008358 102
008359 102
008360 102
008361 102
008362 102
008363 102
008364 102
008365 102
008366 102
008367 102
008368 102
008369 102
008370 102
008371 102
008372 102
008373 102
008374 102
008375 102
008376 102
008377 102
008378 102
008418 103
008419 103
008420 103
008421 103
008422 103
008423 103
008424 103
008425 103
008426 103
008427 103
008428 103
008429 103
008430 103
008431 103
008432 103
008433 103
008434 103
008435 103
008436 103
008437 103
008438 103
008439 103
008440 103
008441 103
008442 103
008443 103
008444 103
008445 103
008446 103
008447 103
008448 103
008449 103
008450 103
008451 103
008452 103
008453 103
008454 103
008455 103
008456 103
008457 103
008458 103
008459 103
008460 103
008503 104
008504 104
008505 104
008506 104
008507 104
008508 104
008509 104
008510 104
008511 104
008512 104
008513 104
008514 104
008515 104
008516 104
008517 104
008518 104
008519 104
008520 104
008521 104
008522 104
008523 104
008524 104
008525 104
008526 104
008527 104
008528 104
008529 104
008530 104
008531 104
008532 104
008533 104
008534 104
008535 104
008536 104
008537 104
008538 104
008539 104
008540 104
008541 104
008542 104
008543 104
008544 104
008545 104
008546 104
008590 105
008591 105
008592 105
008593 105
008594 105
008595 105
008596 105
008597 105
008598 105
008599 105
008600 105
008601 105
008602 105
008603 105
008604 105
008605 105
008606 105
008607 105
008608 105
008609 105
008610 105
008611 105
008612 105
008613 105
008614 105
008615 105
008616 105
008617 105
008618 105
008619 105
008620 105
008621 105
008622 105
008623 105
008624 105
008625 105
008626 105
008627 105
008628 105
008629 105
008630 105
008631 105
008673 106
008674 106
008675 106
008676 106
008677 106
008678 106
008679 106
008680 106
008681 106
008682 106
008683 106
008684 106
008685 106
008686 106
008687 106
008688 106
008689 106
008690 106
008691 106
008692 106
008693 106
008694 106
008695 106
008696 106
008697 106
008698 106
008699 106
008700 106
008701 106
008702 106
008703 106
008704 106
008705 106
008706 106
008707 106
008708 106
008709 106
008710 106
008711 106
008712 106
008713 106
008714 106
008715 106
008716 106
008717 106
008762 107
008763 107
008764 107
008765 107
008766 107
008767 107
008768 107
008769 107
008770 107
008771 107
008772 107
008773 107
008774 107
008775 107
008776 107
008777 107
008778 107
008779 107
008780 107
008781 107
008782 107
008783 107
008784 107
008785 107
008786 107
008787 107
008788 107
008789 107
008790 107
008791 107
008792 107
008793 107
008794 107
008795 107
008796 107
008797 107
008798 107
008799 107
008800 107
008801 107
008802 107
008803 107
008804 107
008805 107
008850 108
008851 108
008852 108
008853 108
008854 108
008855 108
008856 108
008857 108
008858 108
008859 108
008860 108
008861 108
008862 108
008863 108
008864 108
008865 108
008866 108
008867 108
008868 108
008869 108
008870 108
008871 108
008872 108
008873 108
008874 108
008875 108
008876 108
008877 108
008878 108
008879 108
008880 108
008881 108
008882 108
008883 108
008884 108
008885 108
008886 108
008887 108
008888 108
008889 108
008890 108
008891 108
008892 108
008893 108
008894 108
008939 109
008940 109
008941 109
008942 109
008943 109
008944 109
008945 109
008946 109
008947 109
008948 109
008949 109
008950 109
008951 109
008952 109
008953 109
008954 109
008955 109
008956 109
008957 109
008958 109
008959 109
008960 109
008961 109
008962 109
008963 109
008964 109
008965 109
008966 109
008967 109
008968 109
008969 109
008970 109
008971 109
008972 109
008973 109
008974 109
008975 109
008976 109
008977 109
008978 109
008979 109
008980 109
008981 109
009025 110
009026 110
009027 110
009028 110
009029 110
009030 110
009031 110
009032 110
009033 110
009034 110
009035 110
009036 110
009037 110
009038 110
009039 110
009040 110
009041 110
009042 110
009043 110
009044 110
009045 110
009046 110
009047 110
009048 110
009049 110
009050 110
009051 110
009052 110
009053 110
009054 110
009055 110
009056 110
009057 110
009058 110
009059 110
009060 110
009061 110
009062 110
009063 110
009064 110
009065 110
009066 110
009109 111
009110 111
009111 111
009112 111
009113 111
009114 111
009115 111
009116 111
009117 111
009118 111
009119 111
009120 111
009121 111
009122 111
009123 111
009124 111
009125 111
009126 111
009127 111
009128 111
009129 111
009130 111
009131 111
009132 111
009133 111
009134 111
009135 111
009136 111
009137 111
009138 111
009139 111
009140 111
009141 111
009142 111
009143 111
009144 111
009145 111
009146 111
009147 111
009148 111
009149 111
009150 111
009151 111
009152 111
009153 111
009154 111
009200 112
009201 112
009202 112
009203 112
009204 112
009205 112
009206 112
009207 112
009208 112
009209 112
009210 112
009211 112
009212 112
009213 112
009214 112
009215 112
009216 112
009217 112
009218 112
009219 112
009220 112
009221 112
009222 112
009223 112
009224 112
009225 112
009226 112
009227 112
009228 112
009229 112
009230 112
009231 112
009232 112
009233 112
009234 112
009235 112
009236 112
009237 112
009238 112
009239 112
009240 112
009241 112
009242 112
009285 113
009286 113
009287 113
009288 113
009289 113
009290 113
009291 113
009292 113
009293 113
009294 113
009295 113
009296 113
009297 113
009298 113
009299 113
009300 113
009301 113
009302 113
009303 113
009304 113
009305 113
009306 113
009307 113
009308 113
009309 113
009310 113
009311 113
009312 113
009313 113
009314 113
009315 113
009316 113
009317 113
009318 113
009319 113
009320 113
009321 113
009322 113
009323 113
009324 113
009325 113
009326 113
009327 113
009328 113
009329 113
009375 114
009376 114
009377 114
009378 114
009379 114
009380 114
009381 114
009382 114
009383 114
009384 114
009385 114
009386 114
009387 114
009388 114
009389 114
009390 114
009391 114
009392 114
009393 114
009394 114
009395 114
009396 114
009397 114
009398 114
009399 114
009400 114
009401 114
009402 114
009403 114
009404 114
009405 114
009406 114
009407 114
009408 114
009409 114
009410 114
009411 114
009412 114
009413 114
009414 114
009415 114
009416 114
009417 114
009418 114
009419 114
009465 115
009466 115
009467 115
009468 115
009469 115
009470 115
009471 115
009472 115
009473 115
009474 115
009475 115
009476 115
009477 115
009478 115
009479 115
009480 115
009481 115
009482 115
009483 115
009484 115
009485 115
009486 115
009487 115
009488 115
009489 115
009490 115
009491 115
009492 115
009493 115
009494 115
009495 115
009496 115
009497 115
009498 115
009499 115
009500 115
009501 115
009502 115
009540 116
009541 116
009542 116
009543 116
009544 116
009545 116
009546 116
009547 116
009548 116
009549 116
009550 116
009551 116
009552 116
009553 116
009554 116
009555 116
009556 116
009557 116
009558 116
009559 116
009560 116
009561 116
009562 116
009563 116
009564 116
009565 116
009566 116
009567 116
009568 116
009569 116
009570 116
009571 116
009572 116
009573 116
009574 116
009575 116
009576 116
009577 116
009578 116
009579 116
009580 116
009581 116
009582 116
009625 117
009626 117
009627 117
009628 117
009629 117
009630 117
009631 117
009632 117
009633 117
009634 117
009635 117
009636 117
009637 117
009638 117
009639 117
009640 117
009641 117
009642 117
009643 117
009644 117
009645 117
009646 117
009647 117
009648 117
009649 117
009650 117
009651 117
009652 117
009653 117
009654 117
009655 117
009656 117
009657 117
009658 117
009659 117
009660 117
009661 117
009662 117
009663 117
009664 117
009665 117
009666 117
009708 118
009709 118
009710 118
009711 118
009712 118
009713 118
009714 118
009715 118
009716 118
009717 118
009718 118
009719 118
009720 118
009721 118
009722 118
009723 118
009724 118
009725 118
009726 118
009727 118
009728 118
009729 118
009730 118
009731 118
009732 118
009733 118
009734 118
009735 118
009736 118
009737 118
009738 118
009739 118
009740 118
009774 119
009775 119
009776 119
009777 119
009778 119
009779 119
009780 119
009781 119
009782 119
009783 119
009784 119
009785 119
009786 119
009787 119
009788 119
009789 119
009790 119
009791 119
009792 119
009793 119
009794 119
009795 119
009796 119
009797 119
009798 119
009799 119
009800 119
009801 119
009802 119
009803 119
009804 119
009805 119
009806 119
009807 119
009808 119
009809 119
009810 119
009811 119
009812 119
009813 119
009814 119
009815 119
009816 119
009859 120
009860 120
009861 120
009862 120
009863 120
009864 120
009865 120
009866 120
009867 120
009868 120
009869 120
009870 120
009871 120
009872 120
009873 120
009874 120
009875 120
009876 120
009877 120
009878 120
009879 120
009880 120
009881 120
009882 120
009883 120
009884 120
009885 120
009886 120
009887 120
009888 120
009889 120
009890 120
009891 120
009892 120
009893 120
009894 120
009895 120
009896 120
009897 120
009898 120
009899 120
009900 120
009901 120
009902 120
009903 120
009948 121
009949 121
009950 121
009951 121
009952 121
009953 121
009954 121
009955 121
009956 121
009957 121
009958 121
009959 121
009960 121
009961 121
009962 121
009963 121
009964 121
009965 121
009966 121
009967 121
009968 121
009969 121
009970 121
009971 121
009972 121
009973 121
009974 121
009975 121
009976 121
009977 121
009978 121
009979 121
009980 121
009981 121
009982 121
009983 121
009984 121
009985 121
009986 121
009987 121
010028 118
010029 118
010030 118
010031 118
010032 118
010033 118
010034 118
010035 118
010036 118
010037 118
010038 118
010039 118
010040 118
010041 118
010042 118
010043 118
010044 118
010045 118
010046 118
010047 118
010048 118
010049 118
010050 118
010051 118
010052 118
010053 118
010054 118
010055 118
010056 118
010057 118
010058 118
010059 118
010060 118
010061 118
010062 118
010098 122
010099 122
010100 122
010101 122
010102 122
010103 122
010104 122
010105 122
010106 122
010107 122
010108 122
010109 122
010110 122
010111 122
010112 122
010113 122
010114 122
010115 122
010116 122
010117 122
010118 122
010119 122
010120 122
010121 122
010122 122
010123 122
010124 122
010125 122
010126 122
010127 122
010128 122
010129 122
010130 122
010131 122
010132 122
010133 122
010134 122
010135 122
010136 122
010137 122
010138 122
010139 122
010140 122
010141 122
010142 122
010187 123
010188 123
010189 123
010190 123
010191 123
010192 123
010193 123
010194 123
010195 123
010196 123
010197 123
010198 123
010199 123
010200 123
010201 123
010202 123
010203 123
010204 123
010205 123
010206 123
010207 123
010208 123
010209 123
010210 123
010211 123
010212 123
010213 123
010214 123
010215 123
010216 123
010217 123
010218 123
010219 123
010220 123
010221 123
010222 123
010223 123
010224 123
010225 123
010265 124
010266 124
010267 124
010268 124
010269 124
010270 124
010271 124
010272 124
010273 124
010274 124
010275 124
010276 124
010277 124
010278 124
010279 124
010280 124
010281 124
010282 124
010283 124
010284 124
010285 124
010286 124
010287 124
010288 124
010289 124
010290 124
010291 124
010292 124
010293 124
010294 124
010295 124
010296 124
010297 124
010298 124
010299 124
010300 124
010301 124
010302 124
010303 124
010304 124
010305 124
010306 124
010307 124
010308 124
010352 125
010353 125
010354 125
010355 125
010356 125
010357 125
010358 125
010359 125
010360 125
010361 125
010362 125
010363 125
010364 125
010365 125
010366 125
010367 125
010368 125
010369 125
010370 125
010371 125
010372 125
010373 125
010374 125
010375 125
010376 125
010377 125
010378 125
010379 125
010380 125
010381 125
010382 125
010383 125
010384 125
010385 125
010386 125
010387 125
010388 125
010389 125
010390 125
010391 125
010392 125
010393 125
010436 126
010437 126
010438 126
010439 126
010440 126
010441 126
010442 126
010443 126
010444 126
010445 126
010446 126
010447 126
010448 126
010449 126
010450 126
010451 126
010452 126
010453 126
010454 126
010455 126
010456 126
010457 126
010458 126
010459 126
010460 126
010461 126
010462 126
010463 126
010464 126
010465 126
010466 126
010467 126
010468 126
010469 126
010470 126
010471 126
010472 126
010473 126
010474 126
010475 126
010476 126
010518 127
010519 127
010520 127
010521 127
010522 127
010523 127
010524 127
010525 127
010526 127
010527 127
010528 127
010529 127
010530 127
010531 127
010532 127
010533 127
010534 127
010535 127
010536 127
010537 127
010538 127
010539 127
010540 127
010541 127
010542 127
010543 127
010544 127
010545 127
010546 127
010547 127
010548 127
010549 127
010550 127
010551 127
010552 127
010553 127
010554 127
010555 127
010556 127
010596 128
010597 128
010598 128
010599 128
010600 128
010601 128
010602 128
010603 128
010604 128
010605 128
010606 128
010607 128
010608 128
010609 128
010610 128
010611 128
010612 128
010613 128
010614 128
010615 128
010616 128
010617 128
010618 128
010619 128
010620 128
010621 128
010622 128
010623 128
010624 128
010625 128
010626 128
010627 128
010628 128
010629 128
010630 128
010631 128
010632 128
010633 128
010634 128
010673 129
010674 129
010675 129
010676 129
010677 129
010678 129
010679 129
010680 129
010681 129
010682 129
010683 129
010684 129
010685 129
010686 129
010687 129
010688 129
010689 129
010690 129
010691 129
010692 129
010693 129
010694 129
010695 129
010696 129
010697 129
010698 129
010699 129
010700 129
010701 129
010702 129
010703 129
010704 129
010705 129
010706 129
010707 129
010708 129
010709 129
010710 129
010711 129
010712 129
010713 129
010755 130
010756 130
010757 130
010758 130
010759 130
010760 130
010761 130
010762 130
010763 130
010764 130
010765 130
010766 130
010767 130
010768 130
010769 130
010770 130
010771 130
010772 130
010773 130
010774 130
010775 130
010776 130
010777 130
010778 130
010779 130
010780 130
010781 130
010782 130
010783 130
010784 130
010785 130
010786 130
010787 130
010788 130
010789 130
010790 130
010791 130
010792 130
010793 130
010794 130
010795 130
010796 130
010839 131
010840 131
010841 131
010842 131
010843 131
010844 131
010845 131
010846 131
010847 131
010848 131
010849 131
010850 131
010851 131
010852 131
010853 131
010854 131
010855 131
010856 131
010857 131
010858 131
010859 131
010860 131
010861 131
010862 131
010863 131
010864 131
010865 131
010866 131
010867 131
010868 131
010869 131
010870 131
010871 131
010872 131
010873 131
010874 131
010875 131
010876 131
010877 131
010878 131
010879 131
010880 131
010881 131
010882 131
010926 132
010927 132
010928 132
010929 132
010930 132
010931 132
010932 132
010933 132
010934 132
010935 132
010936 132
010937 132
010938 132
010939 132
010940 132
010941 132
010942 132
010943 132
010944 132
010945 132
010946 132
010947 132
010948 132
010949 132
010950 132
010951 132
010952 132
010953 132
010954 132
010955 132
010956 132
010957 132
010958 132
010959 132
010960 132
010961 132
010962 132
010963 132
010964 132
010965 132
010966 132
010967 132
011010 133
011011 133
011012 133
011013 133
011014 133
011015 133
011016 133
011017 133
011018 133
011019 133
011020 133
011021 133
011022 133
011023 133
011024 133
011025 133
011026 133
011027 133
011028 133
011029 133
011030 133
011031 133
011032 133
011033 133
011034 133
011035 133
011036 133
011037 133
011038 133
011039 133
011040 133
011041 133
011042 133
011043 133
011077 134
011078 134
011079 134
011080 134
011081 134
011082 134
011083 134
011084 134
011085 134
011086 134
011087 134
011088 134
011089 134
011090 134
011091 134
011092 134
011093 134
011094 134
011095 134
011096 134
011097 134
011098 134
011099 134
011100 134
011101 134
011102 134
011103 134
011104 134
011105 134
011106 134
011107 134
011108 134
011109 134
011110 134
011111 134
011112 134
011113 134
011114 134
011115 134
011116 134
011117 134
011118 134
011161 135
011162 135
011163 135
011164 135
011165 135
011166 135
011167 135
011168 135
011169 135
011170 135
011171 135
011172 135
011173 135
011174 135
011175 135
011176 135
011177 135
011178 135
011179 135
011180 135
011181 135
011182 135
011183 135
011184 135
011209 136
011210 136
011211 136
011212 136
011213 136
011214 136
011215 136
011216 136
011217 136
011218 136
011219 136
011220 136
011221 136
011222 136
011223 136
011224 136
011225 136
011226 136
011227 136
011228 136
011229 136
011230 136
011231 136
011232 136
011233 136
011234 136
011235 136
011236 136
011237 136
011238 136
011239 136
011240 136
011241 136
011242 136
011243 136
011244 136
011245 136
011246 136
011247 136
011248 136
011249 136
011250 136
011251 136
011252 136
011296 137
011297 137
011298 137
011299 137
011300 137
011301 137
011302 137
011303 137
011304 137
011305 137
011306 137
011307 137
011308 137
011309 137
011310 137
011311 137
011312 137
011313 137
011314 137
011315 137
011316 137
011317 137
011318 137
011319 137
011320 137
011321 137
011322 137
011323 137
011324 137
011325 137
011326 137
011327 137
011328 137
011329 137
011330 137
011331 137
011332 137
011333 137
011334 137
011335 137
011375 138
011376 138
011377 138
011378 138
011379 138
011380 138
011381 138
011382 138
011383 138
011384 138
011385 138
011386 138
011387 138
011388 138
011389 138
011390 138
011391 138
011392 138
011393 138
011394 138
011395 138
011396 138
011397 138
011398 138
011399 138
011400 138
011401 138
011402 138
011403 138
011404 138
011405 138
011406 138
011407 138
011408 138
011409 138
011410 138
011411 138
011412 138
011413 138
011414 138
011415 138
011416 138
011417 138
011460 139
011461 139
011462 139
011463 139
011464 139
011465 139
011466 139
011467 139
011468 139
011469 139
011470 139
011471 139
011472 139
011473 139
011474 139
011475 139
011476 139
011477 139
011478 139
011479 139
011480 139
011481 139
011482 139
011483 139
011484 139
011485 139
011486 139
011487 139
011488 139
011489 139
011490 139
011491 139
011492 139
011493 139
011494 139
011495 139
011496 139
011497 139
011498 139
011499 139
011500 139
011501 139
011544 140
011545 140
011546 140
011547 140
011548 140
011549 140
011550 140
011551 140
011552 140
011553 140
011554 140
011555 140
011556 140
011557 140
011558 140
011559 140
011560 140
011561 140
011562 140
011563 140
011564 140
011565 140
011566 140
011567 140
011568 140
011569 140
011570 140
011571 140
011572 140
011573 140
011574 140
011575 140
011576 140
011577 140
011612 141
011613 141
011614 141
011615 141
011616 141
011617 141
011618 141
011619 141
011620 141
011621 141
011622 141
011623 141
011624 141
011625 141
011626 141
011627 141
011628 141
011629 141
011630 141
011631 141
011632 141
011633 141
011634 141
011635 141
011636 141
011637 141
011638 141
011639 141
011640 141
011641 141
011642 141
011643 141
011644 141
011677 142
011678 142
011679 142
011680 142
011681 142
011682 142
011683 142
011684 142
011685 142
011686 142
011687 142
011688 142
011689 142
011690 142
011691 142
011692 142
011693 142
011694 142
011695 142
011696 142
011697 142
011698 142
011699 142
011700 142
011701 142
011702 142
011703 142
011704 142
011705 142
011706 142
011707 142
011708 142
011709 142
011710 142
011711 142
011712 142
011713 142
011714 142
011715 142
011716 142
011757 143
011758 143
011759 143
011760 143
011761 143
011762 143
011763 143
011764 143
011765 143
011766 143
011767 143
011768 143
011769 143
011770 143
011771 143
011772 143
011773 143
011774 143
011775 143
011776 143
011777 143
011778 143
011779 143
011780 143
011781 143
011782 143
011783 143
011784 143
011785 143
011786 143
011787 143
011788 143
011789 143
011790 143
011791 143
011792 143
011793 143
011794 143
011795 143
011796 143
011797 143
011798 143
011799 143
011800 143
011801 143
011802 143
011803 143
011850 144
011851 144
011852 144
011853 144
011854 144
011855 144
011856 144
011857 144
011858 144
011859 144
011860 144
011861 144
011862 144
011863 144
011864 144
011865 144
011866 144
011867 144
011868 144
011869 144
011870 144
011871 144
011872 144
011873 144
011874 144
011875 144
011876 144
011877 144
011878 144
011879 144
011880 144
011881 144
011882 144
011883 144
011884 144
011885 144
011886 144
011887 144
011888 144
011889 144
011890 144
011891 144
011892 144
011893 144
011938 145
011939 145
011940 145
011941 145
011942 145
011943 145
011944 145
011945 145
011946 145
011947 145
011948 145
011949 145
011950 145
011951 145
011952 145
011953 145
011954 145
011955 145
011956 145
011957 145
011958 145
011959 145
011960 145
011961 145
011962 145
011963 145
011964 145
011965 145
011966 145
011967 145
011968 145
011969 145
011970 145
011971 145
011972 145
011973 145
011974 145
011975 145
011976 145
011977 145
011978 145
011979 145
011980 145
012024 146
012025 146
012026 146
012027 146
012028 146
012029 146
012030 146
012031 146
012032 146
012033 146
012034 146
012035 146
012036 146
012037 146
012038 146
012039 146
012040 146
012041 146
012042 146
012043 146
012044 146
012045 146
012046 146
012047 146
012048 146
012049 146
012050 146
012051 146
012052 146
012053 146
012054 146
012055 146
012056 146
012057 146
012058 146
012059 146
012060 146
012061 146
012062 146
012063 146
012064 146
012065 146
012066 146
012067 146
012068 146
012113 147
012114 147
012115 147
012116 147
012117 147
012118 147
012119 147
012120 147
012121 147
012122 147
012123 147
012124 147
012125 147
012126 147
012127 147
012128 147
012129 147
012130 147
012131 147
012132 147
012133 147
012134 147
012135 147
012136 147
012137 147
012138 147
012139 147
012140 147
012141 147
012142 147
012143 147
012144 147
012145 147
012146 147
012147 147
012148 147
012149 147
012150 147
012151 147
012152 147
012153 147
012154 147
012155 147
012156 147
012157 147
012203 148
012204 148
012205 148
012206 148
012207 148
012208 148
012209 148
012210 148
012211 148
012212 148
012213 148
012214 148
012215 148
012216 148
012217 148
012218 148
012219 148
012220 148
012221 148
012222 148
012223 148
012224 148
012225 148
012226 148
012227 148
012228 148
012229 148
012230 148
012231 148
012232 148
012233 148
012234 148
012235 148
012236 148
012237 148
012238 148
012239 148
012240 148
012241 148
012242 148
012243 148
012244 148
012245 148
012288 149
012289 149
012290 149
012291 149
012292 149
012293 149
012294 149
012295 149
012296 149
012297 149
012298 149
012299 149
012300 149
012301 149
012302 149
012303 149
012304 149
012305 149
012306 149
012307 149
012308 149
012309 149
012310 149
012311 149
012312 149
012313 149
012314 149
012315 149
012316 149
012317 149
012318 149
012319 149
012320 149
012321 149
012322 149
012323 149
012360 150
012361 150
012362 150
012363 150
012364 150
012365 150
012366 150
012367 150
012368 150
012369 150
012370 150
012371 150
012372 150
012373 150
012374 150
012375 150
012376 150
012377 150
012378 150
012379 150
012380 150
012381 150
012382 150
012383 150
012384 150
012385 150
012386 150
012387 150
012388 150
012389 150
012390 150
012391 150
012392 150
012393 150
012394 150
012395 150
012396 150
012397 150
012398 150
012399 150
012400 150
012401 150
012402 150
012403 150
012447 151
012448 151
012449 151
012450 151
012451 151
012452 151
012453 151
012454 151
012455 151
012456 151
012457 151
012458 151
012459 151
012460 151
012461 151
012462 151
012463 151
012464 151
012465 151
012466 151
012467 151
012468 151
012469 151
012470 151
012471 151
012472 151
012473 151
012474 151
012475 151
012476 151
012477 151
012478 151
012479 151
012480 151
012481 151
012482 151
012518 152
012519 152
012520 152
012521 152
012522 152
012523 152
012524 152
012525 152
012526 152
012527 152
012528 152
012529 152
012530 152
012531 152
012532 152
012533 152
012534 152
012535 152
012536 152
012537 152
012538 152
012539 152
012540 152
012541 152
012542 152
012543 152
012544 152
012545 152
012546 152
012547 152
012548 152
012549 152
012550 152
012551 152
012552 152
012553 152
012554 152
012555 152
012556 152
012557 152
012558 152
012559 152
012560 152
012561 152
012562 152
012607 153
012608 153
012609 153
012610 153
012611 153
012612 153
012613 153
012614 153
012615 153
012616 153
012617 153
012618 153
012619 153
012620 153
012621 153
012622 153
012623 153
012624 153
012625 153
012626 153
012627 153
012628 153
012629 153
012630 153
012631 153
012632 153
012633 153
012634 153
012635 153
012636 153
012637 153
012638 153
012639 153
012640 153
012641 153
012642 153
012643 153
012644 153
012645 153
012646 153
012647 153
012648 153
012649 153
012692 154
012693 154
012694 154
012695 154
012696 154
012697 154
012698 154
012699 154
012700 154
012701 154
012702 154
012703 154
012704 154
012705 154
012706 154
012707 154
012708 154
012709 154
012710 154
012711 154
012712 154
012713 154
012714 154
012715 154
012716 154
012717 154
012718 154
012719 154
012720 154
012721 154
012722 154
012723 154
012724 154
012725 154
012726 154
012727 154
012728 154
012729 154
012730 154
012731 154
012732 154
012733 154
012734 154
012777 155
012778 155
012779 155
012780 155
012781 155
012782 155
012783 155
012784 155
012785 155
012786 155
012787 155
012788 155
012789 155
012790 155
012791 155
012792 155
012793 155
012794 155
012795 155
012796 155
012797 155
012798 155
012799 155
012800 155
012801 155
012802 155
012803 155
012804 155
012805 155
012806 155
012807 155
012808 155
012809 155
012810 155
012811 155
012812 155
012813 155
012814 155
012815 155
012855 156
012856 156
012857 156
012858 156
012859 156
012860 156
012861 156
012862 156
012863 156
012864 156
012865 156
012866 156
012867 156
012868 156
012869 156
012870 156
012871 156
012872 156
012873 156
012874 156
012875 156
012876 156
012877 156
012878 156
012879 156
012880 156
012881 156
012882 156
012883 156
012884 156
012885 156
012886 156
012887 156
012888 156
012889 156
012890 156
012891 156
012928 157
012929 157
012930 157
012931 157
012932 157
012933 157
012934 157
012935 157
012936 157
012937 157
012938 157
012939 157
012940 157
012941 157
012942 157
012943 157
012944 157
012945 157
012946 157
012947 157
012948 157
012949 157
012950 157
012951 157
012952 157
012953 157
012954 157
012955 157
012956 157
012986 158
012987 158
012988 158
012989 158
012990 158
012991 158
012992 158
012993 158
012994 158
012995 158
012996 158
012997 158
012998 158
012999 158
013000 158
013001 158
013002 158
013003 158
013004 158
013005 158
013006 158
013007 158
013008 158
013009 158
013010 158
013011 158
013012 158
013013 158
013014 158
013015 158
013016 158
013017 158
013018 158
013019 158
013020 158
013021 158
013058 159
013059 159
013060 159
013061 159
013062 159
013063 159
013064 159
013065 159
013066 159
013067 159
013068 159
013069 159
013070 159
013071 159
013072 159
013073 159
013074 159
013075 159
013076 159
013077 159
013078 159
013079 159
013080 159
013081 159
013082 159
013083 159
013084 159
013085 159
013086 159
013087 159
013088 159
013089 159
013090 159
013091 159
013092 159
013093 159
013094 159
013095 159
013096 159
013097 159
013098 159
013099 159
013100 159
013101 159
013146 160
013147 160
013148 160
013149 160
013150 160
013151 160
013152 160
013153 160
013154 160
013155 160
013156 160
013157 160
013158 160
013159 160
013160 160
013161 160
013162 160
013163 160
013164 160
013165 160
013166 160
013167 160
013168 160
013169 160
013170 160
013171 160
013172 160
013173 160
013174 160
013175 160
013176 160
013177 160
013178 160
013179 160
013180 160
013181 160
013182 160
013183 160
013184 160
013185 160
013186 160
013187 160
013188 160
013189 160
013190 160
013191 160
013192 160
013193 160
013242 161
013243 161
013244 161
013245 161
013246 161
013247 161
013248 161
013249 161
013250 161
013251 161
013252 161
013253 161
013254 161
013255 161
013256 161
013257 161
013258 161
013259 161
013260 161
013261 161
013262 161
013263 161
013264 161
013265 161
013266 161
013267 161
013268 161
013269 161
013270 161
013271 161
013272 161
013273 161
013274 161
013275 161
013276 161
013277 161
013278 161
013279 161
013280 161
013281 161
013282 161
013283 161
013284 161
013285 161
013286 161
013287 161
013333 162
013334 162
013335 162
013336 162
013337 162
013338 162
013339 162
013340 162
013341 162
013342 162
013343 162
013344 162
013345 162
013346 162
013347 162
013348 162
013349 162
013350 162
013351 162
013352 162
013353 162
013354 162
013355 162
013356 162
013357 162
013358 162
013359 162
013360 162
013361 162
013362 162
013363 162
013364 162
013365 162
013366 162
013367 162
013368 162
013369 162
013406 163
013407 163
013408 163
013409 163
013410 163
013411 163
013412 163
013413 163
013414 163
013415 163
013416 163
013417 163
013418 163
013419 163
013420 163
013421 163
013422 163
013423 163
013424 163
013425 163
013426 163
013427 163
013428 163
013429 163
013430 163
013431 163
013432 163
013433 163
013434 163
013435 163
013436 163
013437 163
013438 163
013439 163
013440 163
013441 163
013442 163
013443 163
013444 163
013445 163
013446 163
013447 163
013448 163
013449 163
013493 164
013494 164
013495 164
013496 164
013497 164
013498 164
013499 164
013500 164
013501 164
013502 164
013503 164
013504 164
013505 164
013506 164
013507 164
013508 164
013509 164
013510 164
013511 164
013512 164
013513 164
013514 164
013515 164
013516 164
013517 164
013518 164
013519 164
013520 164
013521 164
013522 164
013523 164
013524 164
013525 164
013526 164
013527 164
013528 164
013529 164
013530 164
013531 164
013532 164
013533 164
013534 164
013535 164
013536 164
013537 164
013582 165
013583 165
013584 165
013585 165
013586 165
013587 165
013588 165
013589 165
013590 165
013591 165
013592 165
013593 165
013594 165
013595 165
013596 165
013597 165
013598 165
013599 165
013600 165
013601 165
013602 165
013603 165
013604 165
013605 165
013606 165
013607 165
013608 165
013609 165
013610 165
013611 165
013612 165
013613 165
013614 165
013615 165
013616 165
013617 165
013618 165
013619 165
013620 165
013621 165
013622 165
013664 166
013665 166
013666 166
013667 166
013668 166
013669 166
013670 166
013671 166
013672 166
013673 166
013674 166
013675 166
013676 166
013677 166
013678 166
013679 166
013680 166
013681 166
013682 166
013683 166
013684 166
013685 166
013686 166
013687 166
013688 166
013689 166
013690 166
013691 166
013692 166
013693 166
013694 166
013695 166
013696 166
013697 166
013698 166
013699 166
013700 166
013701 166
013702 166
013703 166
013704 166
013705 166
013706 166
013707 166
013708 166
013709 166
013710 166
013711 166
013759 167
013760 167
013761 167
013762 167
013763 167
013764 167
013765 167
013766 167
013767 167
013768 167
013769 167
013770 167
013771 167
013772 167
013773 167
013774 167
013775 167
013776 167
013777 167
013778 167
013779 167
013780 167
013781 167
013782 167
013783 167
013784 167
013785 167
013786 167
013787 167
013788 167
013789 167
013790 167
013791 167
013792 167
013793 167
013794 167
013795 167
013796 167
013797 167
013798 167
013799 167
013800 167
013843 168
013844 168
013845 168
013846 168
013847 168
013848 168
013849 168
013850 168
013851 168
013852 168
013853 168
013854 168
013855 168
013856 168
013857 168
013858 168
013859 168
013860 168
013861 168
013862 168
013863 168
013864 168
013865 168
013866 168
013867 168
013868 168
013869 168
013870 168
013871 168
013872 168
013873 168
013874 168
013875 168
013876 168
013877 168
013878 168
013879 168
013880 168
013881 168
013920 169
013921 169
013922 169
013923 169
013924 169
013925 169
013926 169
013927 169
013928 169
013929 169
013930 169
013931 169
013932 169
013933 169
013934 169
013935 169
013936 169
013937 169
013938 169
013939 169
013940 169
013941 169
013942 169
013943 169
013944 169
013945 169
013946 169
013947 169
013948 169
013949 169
013950 169
013951 169
013952 169
013953 169
013954 169
013955 169
013956 169
013957 169
013958 169
013959 169
013960 169
013961 169
013962 169
013963 169
014008 170
014009 170
014010 170
014011 170
014012 170
014013 170
014014 170
014015 170
014016 170
014017 170
014018 170
014019 170
014020 170
014021 170
014022 170
014023 170
014024 170
014025 170
014026 170
014027 170
014028 170
014029 170
014030 170
014031 170
014032 170
014033 170
014034 170
014035 170
014036 170
014037 170
014038 170
014039 170
014040 170
014041 170
014042 170
014043 170
014044 170
014045 170
014046 170
014047 170
014048 170
014049 170
014050 170
014051 170
014052 170
014053 170
014100 171
014101 171
014102 171
014103 171
014104 171
014105 171
014106 171
014107 171
014108 171
014109 171
014110 171
014111 171
014112 171
014113 171
014114 171
014115 171
014116 171
014117 171
014118 171
014119 171
014120 171
014121 171
014122 171
014123 171
014124 171
014125 171
014126 171
014127 171
014128 171
014129 171
014130 171
014131 171
014132 171
014133 171
014134 171
014135 171
014136 171
014137 171
014138 171
014139 171
014140 171
014141 171
014142 171
014143 171
014188 172
014189 172
014190 172
014191 172
014192 172
014193 172
014194 172
014195 172
014196 172
014197 172
014198 172
014199 172
014200 172
014201 172
014202 172
014203 172
014204 172
014205 172
014206 172
014207 172
014208 172
014209 172
014210 172
014211 172
014212 172
014213 172
014214 172
014215 172
014216 172
014217 172
014218 172
014219 172
014220 172
014221 172
014222 172
014223 172
014224 172
014225 172
014226 172
014227 172
014228 172
014229 172
014230 172
014231 172
014275 173
014276 173
014277 173
014278 173
014279 173
014280 173
014281 173
014282 173
014283 173
014284 173
014285 173
014286 173
014287 173
014288 173
014289 173
014290 173
014291 173
014292 173
014293 173
014294 173
014295 173
014296 173
014297 173
014298 173
014299 173
014300 173
014301 173
014302 173
014303 173
014304 173
014305 173
014306 173
014307 173
014308 173
014309 173
014310 173
014311 173
014312 173
014313 173
014314 173
014315 173
014357 174
014358 174
014359 174
014360 174
014361 174
014362 174
014363 174
014364 174
014365 174
014366 174
014367 174
014368 174
014369 174
014370 174
014371 174
014372 174
014373 174
014374 174
014375 174
014376 174
014377 174
014378 174
014379 174
014380 174
014381 174
014382 174
014383 174
014384 174
014385 174
014386 174
014387 174
014418 175
014419 175
014420 175
014421 175
014422 175
014423 175
014424 175
014425 175
014426 175
014427 175
014428 175
014429 175
014430 175
014431 175
014432 175
014433 175
014434 175
014435 175
014436 175
014437 175
014438 175
014439 175
014440 175
014441 175
014442 175
014443 175
014444 175
014445 175
014446 175
014447 175
014448 175
014449 175
014450 175
014451 175
014452 175
014453 175
014454 175
014455 175
014456 175
014495 176
014496 176
014497 176
014498 176
014499 176
014500 176
014501 176
014502 176
014503 176
014504 176
014505 176
014506 176
014507 176
014508 176
014509 176
014510 176
014511 176
014512 176
014513 176
014514 176
014515 176
014516 176
014517 176
014518 176
014519 176
014520 176
014521 176
014522 176
014523 176
014524 176
014525 176
014526 176
014527 176
014528 176
014529 176
014530 176
014531 176
014532 176
014533 176
014534 176
014535 176
014536 176
014537 176
014538 176
014583 177
014584 177
014585 177
014586 177
014587 177
014588 177
014589 177
014590 177
014591 177
014592 177
014593 177
014594 177
014595 177
014596 177
014597 177
014598 177
014599 177
014600 177
014601 177
014602 177
014603 177
014604 177
014605 177
014606 177
014607 177
014608 177
014609 177
014610 177
014611 177
014612 177
014613 177
014614 177
014615 177
014616 177
014617 177
014618 177
014619 177
014620 177
014621 177
014622 177
014623 177
014624 177
014666 178
014667 178
014668 178
014669 178
014670 178
014671 178
014672 178
014673 178
014674 178
014675 178
014676 178
014677 178
014678 178
014679 178
014680 178
014681 178
014682 178
014683 178
014684 178
014685 178
014686 178
014687 178
014688 178
014689 178
014690 178
014691 178
014692 178
014693 178
014694 178
014695 178
014696 178
014697 178
014698 178
014699 178
014700 178
014701 178
014702 178
014703 178
014704 178
014705 178
014706 178
014707 178
014708 178
014709 178
014710 178
014756 179
014757 179
014758 179
014759 179
014760 179
014761 179
014762 179
014763 179
014764 179
014765 179
014766 179
014767 179
014768 179
014769 179
014770 179
014771 179
014772 179
014773 179
014774 179
014775 179
014776 179
014777 179
014778 179
014779 179
014780 179
014781 179
014782 179
014783 179
014784 179
014785 179
014786 179
014787 179
014788 179
014789 179
014790 179
014791 179
014792 179
014793 179
014794 179
014795 179
014796 179
014797 179
014798 179
014841 180
014842 180
014843 180
014844 180
014845 180
014846 180
014847 180
014848 180
014849 180
014850 180
014851 180
014852 180
014853 180
014854 180
014855 180
014856 180
014857 180
014858 180
014859 180
014860 180
014861 180
014862 180
014863 180
014864 180
014865 180
014866 180
014867 180
014868 180
014869 180
014870 180
014871 180
014872 180
014873 180
014874 180
014875 180
014876 180
014877 180
014878 180
014917 181
014918 181
014919 181
014920 181
014921 181
014922 181
014923 181
014924 181
014925 181
014926 181
014927 181
014928 181
014929 181
014930 181
014931 181
014932 181
014933 181
014934 181
014935 181
014936 181
014937 181
014938 181
014939 181
014940 181
014941 181
014942 181
014943 181
014944 181
014945 181
014946 181
014947 181
014948 181
014949 181
014950 181
014951 181
014952 181
014953 181
014954 181
014955 181
014956 181
014957 181
014958 181
014959 181
014960 181
014961 181
014962 181
015009 182
015010 182
015011 182
015012 182
015013 182
015014 182
015015 182
015016 182
015017 182
015018 182
015019 182
015020 182
015021 182
015022 182
015023 182
015024 182
015025 182
015026 182
015027 182
015028 182
015029 182
015030 182
015031 182
015032 182
015033 182
015034 182
015035 182
015036 182
015037 182
015038 182
015039 182
015040 182
015041 182
015042 182
015043 182
015044 182
015045 182
015046 182
015047 182
015048 182
015049 182
015050 182
015093 183
015094 183
015095 183
015096 183
015097 183
015098 183
015099 183
015100 183
015101 183
015102 183
015103 183
015104 183
015105 183
015106 183
015107 183
015108 183
015109 183
015110 183
015111 183
015112 183
015113 183
015114 183
015115 183
015116 183
015117 183
015118 183
015119 183
015120 183
015121 183
015122 183
015123 183
015124 183
015125 183
015126 183
015127 183
015128 183
015129 183
015130 183
015131 183
015132 183
015133 183
015174 184
015175 184
015176 184
015177 184
015178 184
015179 184
015180 184
015181 184
015182 184
015183 184
015184 184
015185 184
015186 184
015187 184
015188 184
015189 184
015190 184
015191 184
015192 184
015193 184
015194 184
015195 184
015196 184
015197 184
015198 184
015199 184
015200 184
015201 184
015202 184
015203 184
015204 184
015205 184
015206 184
015207 184
015208 184
015209 184
015210 184
015211 184
015212 184
015251 185
015252 185
015253 185
015254 185
015255 185
015256 185
015257 185
015258 185
015259 185
015260 185
015261 185
015262 185
015263 185
015264 185
015265 185
015266 185
015267 185
015268 185
015269 185
015270 185
015271 185
015272 185
015273 185
015274 185
015275 185
015276 185
015277 185
015278 185
015279 185
015280 185
015281 185
015282 185
015283 185
015284 185
015285 185
015286 185
015287 185
015288 185
015289 185
015328 186
015329 186
015330 186
015331 186
015332 186
015333 186
015334 186
015335 186
015336 186
015337 186
015338 186
015339 186
015340 186
015341 186
015342 186
015343 186
015344 186
015345 186
015346 186
015347 186
015348 186
015349 186
015350 186
015351 186
015352 186
015353 186
015354 186
015355 186
015356 186
015357 186
015358 186
015359 186
015360 186
015361 186
015362 186
015363 186
015364 186
015365 186
015366 186
015367 186
015368 186
015369 186
015370 186
015371 186
015415 187
015416 187
015417 187
015418 187
015419 187
015420 187
015421 187
015422 187
015423 187
015424 187
015425 187
015426 187
015427 187
015428 187
015429 187
015430 187
015431 187
015432 187
015433 187
015434 187
015435 187
015436 187
015437 187
015438 187
015439 187
015440 187
015441 187
015442 187
015443 187
015444 187
015445 187
015446 187
015447 187
015448 187
015449 187
015450 187
015451 187
015452 187
015453 187
015454 187
015455 187
015456 187
015457 187
015458 187
015502 188
015503 188
015504 188
015505 188
015506 188
015507 188
015508 188
015509 188
015510 188
015511 188
015512 188
015513 188
015514 188
015515 188
015516 188
015517 188
015518 188
015519 188
015520 188
015521 188
015522 188
015523 188
015524 188
015525 188
015526 188
015527 188
015528 188
015529 188
015530 188
015531 188
015532 188
015533 188
015534 188
015535 188
015536 188
015537 188
015538 188
015539 188
015540 188
015541 188
015542 188
015583 189
015584 189
015585 189
015586 189
015587 189
015588 189
015589 189
015590 189
015591 189
015592 189
015593 189
015594 189
015595 189
015596 189
015597 189
015598 189
015599 189
015600 189
015601 189
015602 189
015603 189
015604 189
015605 189
015606 189
015607 189
015608 189
015609 189
015610 189
015611 189
015612 189
015613 189
015614 189
015615 189
015616 189
015617 189
015618 189
015619 189
015620 189
015621 189
015622 189
015623 189
015624 189
015625 189
015669 190
015670 190
015671 190
015672 190
015673 190
015674 190
015675 190
015676 190
015677 190
015678 190
015679 190
015680 190
015681 190
015682 190
015683 190
015684 190
015685 190
015686 190
015687 190
015688 190
015689 190
015690 190
015691 190
015692 190
015693 190
015694 190
015695 190
015696 190
015697 190
015698 190
015699 190
015700 190
015701 190
015702 190
015703 190
015704 190
015705 190
015706 190
015707 190
015708 190
015709 190
015710 190
015711 190
015712 190
015713 190
015714 190
015761 191
015762 191
015763 191
015764 191
015765 191
015766 191
015767 191
015768 191
015769 191
015770 191
015771 191
015772 191
015773 191
015774 191
015775 191
015776 191
015777 191
015778 191
015779 191
015780 191
015781 191
015782 191
015783 191
015784 191
015785 191
015786 191
015787 191
015788 191
015789 191
015790 191
015791 191
015792 191
015793 191
015794 191
015795 191
015796 191
015797 191
015798 191
015799 191
015800 191
015801 191
015802 191
015803 191
015846 192
015847 192
015848 192
015849 192
015850 192
015851 192
015852 192
015853 192
015854 192
015855 192
015856 192
015857 192
015858 192
015859 192
015860 192
015861 192
015862 192
015863 192
015864 192
015865 192
015866 192
015867 192
015868 192
015869 192
015870 192
015871 192
015872 192
015873 192
015874 192
015875 192
015876 192
015877 192
015878 192
015879 192
015880 192
015881 192
015882 192
015883 192
015884 192
015885 192
015886 192
015887 192
015929 193
015930 193
015931 193
015932 193
015933 193
015934 193
015935 193
015936 193
015937 193
015938 193
015939 193
015940 193
015941 193
015942 193
015943 193
015944 193
015945 193
015946 193
015947 193
015948 193
015949 193
015950 193
015951 193
015952 193
015953 193
015954 193
015955 193
015956 193
015957 193
015958 193
015959 193
015960 193
015961 193
015962 193
015963 193
015964 193
015965 193
015966 193
015967 193
015968 193
015969 193
015970 193
015971 193
015972 193
015973 193
015974 193
016020 194
016021 194
016022 194
016023 194
016024 194
016025 194
016026 194
016027 194
016028 194
016029 194
016030 194
016031 194
016032 194
016033 194
016034 194
016035 194
016036 194
016037 194
016038 194
016039 194
016040 194
016041 194
016042 194
016043 194
016044 194
016045 194
016046 194
016047 194
016048 194
016049 194
016050 194
016051 194
016052 194
016053 194
016054 194
016055 194
016056 194
016057 194
016058 194
016059 194
016060 194
016061 194
016062 194
016106 195
016107 195
016108 195
016109 195
016110 195
016111 195
016112 195
016113 195
016114 195
016115 195
016116 195
016117 195
016118 195
016119 195
016120 195
016121 195
016122 195
016123 195
016124 195
016125 195
016126 195
016127 195
016128 195
016129 195
016130 195
016131 195
016132 195
016133 195
016134 195
016135 195
016136 195
016137 195
016138 195
016139 195
016140 195
016141 195
016142 195
016143 195
016144 195
016145 195
